-0.603565	-3.827619E-04
-0.602358	-3.833405E-04
-0.601151	-3.850348E-04
-0.599944	-3.878260E-04
-0.598736	-3.917361E-04
-0.597529	-3.967814E-04
-0.596322	-4.029772E-04
-0.595115	-4.103414E-04
-0.593908	-4.188953E-04
-0.592701	-4.286639E-04
-0.591494	-4.396753E-04
-0.590287	-4.519616E-04
-0.589079	-4.655583E-04
-0.587872	-4.805048E-04
-0.586665	-4.968445E-04
-0.585458	-5.146248E-04
-0.584251	-5.338971E-04
-0.583044	-5.548203E-04
-0.581837	-5.772565E-04
-0.58063	-6.013666E-04
-0.579422	-6.272204E-04
-0.578215	-6.548930E-04
-0.577008	-6.844644E-04
-0.575801	-7.160205E-04
-0.574594	-7.496528E-04
-0.573387	-7.854588E-04
-0.57218	-8.235423E-04
-0.570972	-8.640137E-04
-0.569765	-9.069903E-04
-0.568558	-9.525967E-04
-0.567351	-1.000965E-03
-0.566144	-1.052236E-03
-0.564937	-1.106557E-03
-0.56373	-1.164087E-03
-0.562523	-1.225291E-03
-0.561315	-1.289764E-03
-0.560108	-1.357978E-03
-0.558901	-1.430129E-03
-0.557694	-1.506427E-03
-0.556487	-1.587093E-03
-0.55528	-1.672361E-03
-0.554072	-1.762478E-03
-0.552865	-1.857705E-03
-0.551658	-1.958319E-03
-0.550451	-2.064611E-03
-0.549244	-2.176889E-03
-0.548037	-2.295478E-03
-0.54683	-2.420723E-03
-0.545623	-2.552986E-03
-0.544416	-2.692651E-03
-0.543208	-2.840123E-03
-0.542001	-2.996589E-03
-0.540794	-3.161022E-03
-0.539587	-3.334619E-03
-0.53838	-3.517885E-03
-0.537173	-3.711350E-03
-0.535965	-3.915575E-03
-0.534758	-4.131152E-03
-0.533551	-4.358707E-03
-0.532344	-4.598897E-03
-0.531137	-4.852420E-03
-0.52993	-5.120010E-03
-0.528723	-5.402442E-03
-0.527516	-5.700535E-03
-0.526309	-6.015151E-03
-0.525101	-6.347203E-03
-0.523894	-6.697651E-03
-0.522687	-7.067511E-03
-0.52148	-7.459760E-03
-0.520273	-7.871820E-03
-0.519066	-8.306695E-03
-0.517858	-8.765644E-03
-0.516651	-9.249996E-03
-0.515444	-9.761153E-03
-0.514237	-1.030059E-02
-0.51303	-1.086988E-02
-0.511823	-1.147066E-02
-0.510616	-1.210467E-02
-0.509409	-1.277374E-02
-0.508201	-1.347981E-02
-0.506994	-1.422491E-02
-0.505787	-1.501121E-02
-0.50458	-1.584098E-02
-0.503373	-1.671660E-02
-0.502166	-1.764060E-02
-0.500959	-1.862040E-02
-0.499752	-1.964958E-02
-0.498544	-2.073561E-02
-0.497337	-2.188163E-02
-0.49613	-2.309093E-02
-0.494923	-2.436699E-02
-0.493716	-2.571349E-02
-0.492509	-2.713430E-02
-0.491302	-2.863349E-02
-0.490094	-3.021538E-02
-0.488887	-3.188448E-02
-0.48768	-3.364560E-02
-0.486473	-3.550375E-02
-0.485266	-3.746426E-02
-0.484059	-3.953271E-02
-0.482852	-4.171500E-02
-0.481645	-4.401734E-02
-0.480437	-4.645791E-02
-0.47923	-4.902092E-02
-0.478023	-5.172471E-02
-0.476816	-5.457690E-02
-0.475609	-5.758553E-02
-0.474402	-6.075904E-02
-0.473195	-6.410633E-02
-0.471987	-6.763673E-02
-0.47078	-7.136006E-02
-0.469573	-7.528665E-02
-0.468366	-7.942733E-02
-0.467159	-8.379347E-02
-0.465952	-8.839701E-02
-0.464745	-9.325046E-02
-0.463538	-9.836694E-02
-0.46233	-1.037602E-01
-0.461123	-1.094446E-01
-0.459916	-1.154623E-01
-0.458709	-1.217760E-01
-0.457502	-1.284282E-01
-0.456295	-1.354359E-01
-0.455088	-1.428169E-01
-0.45388	-1.505899E-01
-0.452673	-1.587741E-01
-0.451466	-1.673894E-01
-0.450259	-1.764567E-01
-0.449052	-1.859973E-01
-0.447845	-1.960334E-01
-0.446638	-2.065878E-01
-0.445431	-2.176838E-01
-0.444223	-2.293454E-01
-0.443016	-2.415972E-01
-0.441809	-2.544639E-01
-0.440602	-2.679710E-01
-0.439395	-2.821934E-01
-0.438188	-2.970588E-01
-0.436981	-3.126411E-01
-0.435773	-3.289660E-01
-0.434566	-3.460583E-01
-0.433359	-3.639426E-01
-0.432152	-3.826425E-01
-0.430945	-4.021807E-01
-0.429738	-4.225784E-01
-0.428531	-4.438552E-01
-0.427324	-4.660287E-01
-0.426116	-4.891142E-01
-0.424909	-5.131243E-01
-0.423702	-5.380686E-01
-0.422495	-5.639530E-01
-0.421288	-5.907797E-01
-0.420081	-6.185467E-01
-0.418874	-6.472700E-01
-0.417666	-6.768876E-01
-0.416459	-7.074094E-01
-0.415252	-7.388126E-01
-0.414045	-7.710686E-01
-0.412838	-8.041425E-01
-0.411631	-8.379936E-01
-0.410424	-8.725745E-01
-0.409217	-9.078320E-01
-0.408009	-9.437067E-01
-0.406802	-9.801335E-01
-0.405595	-1.017042E+00
-0.404388	-1.054356E+00
-0.403181	-1.091996E+00
-0.401974	-1.129879E+00
-0.400767	-1.167917E+00
-0.399559	-1.206021E+00
-0.398352	-1.244047E+00
-0.397145	-1.282011E+00
-0.395938	-1.319767E+00
-0.394731	-1.357225E+00
-0.393524	-1.394297E+00
-0.392317	-1.430896E+00
-0.391109	-1.466939E+00
-0.389902	-1.502347E+00
-0.388695	-1.537046E+00
-0.387488	-1.570965E+00
-0.386281	-1.604039E+00
-0.385074	-1.636210E+00
-0.383867	-1.667422E+00
-0.38266	-1.697628E+00
-0.381452	-1.726786E+00
-0.380245	-1.754857E+00
-0.379038	-1.781811E+00
-0.377831	-1.807634E+00
-0.376624	-1.832279E+00
-0.375417	-1.855740E+00
-0.37421	-1.878001E+00
-0.373002	-1.899055E+00
-0.371795	-1.918894E+00
-0.370588	-1.937514E+00
-0.369381	-1.954914E+00
-0.368174	-1.971094E+00
-0.366967	-1.986059E+00
-0.36576	-1.999810E+00
-0.364553	-2.012353E+00
-0.363345	-2.023693E+00
-0.362138	-2.033836E+00
-0.360931	-2.042787E+00
-0.359724	-2.050552E+00
-0.358517	-2.057136E+00
-0.35731	-2.062554E+00
-0.356103	-2.066784E+00
-0.354895	-2.069843E+00
-0.353688	-2.071730E+00
-0.352481	-2.072446E+00
-0.351274	-2.071989E+00
-0.350067	-2.070355E+00
-0.34886	-2.067537E+00
-0.347653	-2.063529E+00
-0.346446	-2.058322E+00
-0.345238	-2.051904E+00
-0.344031	-2.044261E+00
-0.342824	-2.035377E+00
-0.341617	-2.025237E+00
-0.34041	-2.013818E+00
-0.339203	-2.001100E+00
-0.337996	-1.987058E+00
-0.336788	-1.971611E+00
-0.335581	-1.954837E+00
-0.334374	-1.936655E+00
-0.333167	-1.917033E+00
-0.33196	-1.895937E+00
-0.330753	-1.873331E+00
-0.329546	-1.849180E+00
-0.328339	-1.823446E+00
-0.327131	-1.796089E+00
-0.325924	-1.767072E+00
-0.324717	-1.736354E+00
-0.32351	-1.703896E+00
-0.322303	-1.669661E+00
-0.321096	-1.633610E+00
-0.319889	-1.595709E+00
-0.318681	-1.555924E+00
-0.317474	-1.514224E+00
-0.316267	-1.470500E+00
-0.31506	-1.424899E+00
-0.313853	-1.377318E+00
-0.312646	-1.327745E+00
-0.311439	-1.276177E+00
-0.310232	-1.222617E+00
-0.309024	-1.167074E+00
-0.307817	-1.109570E+00
-0.30661	-1.050135E+00
-0.305403	-9.888093E-01
-0.304196	-9.256437E-01
-0.302989	-8.607011E-01
-0.301782	-7.940560E-01
-0.300574	-7.257947E-01
-0.299367	-6.560152E-01
-0.29816	-5.848272E-01
-0.296953	-5.123518E-01
-0.295746	-4.387894E-01
-0.294539	-3.641530E-01
-0.293332	-2.886533E-01
-0.292125	-2.124491E-01
-0.290917	-1.357059E-01
-0.28971	-5.859467E-02
-0.288503	1.871003E-02
-0.287296	9.603126E-02
-0.286089	1.731915E-01
-0.284882	2.500144E-01
-0.283675	3.263260E-01
-0.282467	4.019569E-01
-0.28126	4.767431E-01
-0.280053	5.505278E-01
-0.278846	6.231625E-01
-0.277639	6.945078E-01
-0.276432	7.644346E-01
-0.275225	8.328051E-01
-0.274018	8.995617E-01
-0.27281	9.645788E-01
-0.271603	1.027773E+00
-0.270396	1.089071E+00
-0.269189	1.148413E+00
-0.267982	1.205750E+00
-0.266775	1.261041E+00
-0.265568	1.314259E+00
-0.26436	1.365384E+00
-0.263153	1.414404E+00
-0.261946	1.461316E+00
-0.260739	1.506123E+00
-0.259532	1.548837E+00
-0.258325	1.589471E+00
-0.257118	1.628047E+00
-0.255911	1.664588E+00
-0.254703	1.699208E+00
-0.253496	1.731762E+00
-0.252289	1.762369E+00
-0.251082	1.791062E+00
-0.249875	1.817873E+00
-0.248668	1.842837E+00
-0.247461	1.865987E+00
-0.246253	1.887354E+00
-0.245046	1.906972E+00
-0.243839	1.924870E+00
-0.242632	1.941076E+00
-0.241425	1.955618E+00
-0.240218	1.968520E+00
-0.239011	1.979805E+00
-0.237804	1.989493E+00
-0.236596	1.997601E+00
-0.235389	2.004144E+00
-0.234182	2.009151E+00
-0.232975	2.012593E+00
-0.231768	2.014497E+00
-0.230561	2.014868E+00
-0.229354	2.013707E+00
-0.228146	2.011010E+00
-0.226939	2.006772E+00
-0.225732	2.000986E+00
-0.224525	1.993641E+00
-0.223318	1.984723E+00
-0.222111	1.974215E+00
-0.220904	1.962098E+00
-0.219697	1.948350E+00
-0.218489	1.932948E+00
-0.217282	1.915864E+00
-0.216075	1.897071E+00
-0.214868	1.876538E+00
-0.213661	1.854163E+00
-0.212454	1.830048E+00
-0.211247	1.804094E+00
-0.210039	1.776265E+00
-0.208832	1.746526E+00
-0.207625	1.714842E+00
-0.206418	1.681178E+00
-0.205211	1.645502E+00
-0.204004	1.607782E+00
-0.202797	1.567990E+00
-0.20159	1.526100E+00
-0.200382	1.482091E+00
-0.199175	1.435947E+00
-0.197968	1.387656E+00
-0.196761	1.337214E+00
-0.195554	1.284625E+00
-0.194347	1.229849E+00
-0.19314	1.173013E+00
-0.191932	1.114089E+00
-0.190725	1.053117E+00
-0.189518	9.901492E-01
-0.188311	9.252465E-01
-0.187104	8.584831E-01
-0.185897	7.899454E-01
-0.18469	7.197315E-01
-0.183483	6.479517E-01
-0.182275	5.747283E-01
-0.181068	5.001947E-01
-0.179861	4.244949E-01
-0.178654	3.477829E-01
-0.177447	2.702210E-01
-0.17624	1.919794E-01
-0.175033	1.132342E-01
-0.173825	3.427100E-02
-0.172618	-4.493617E-02
-0.171411	-1.240987E-01
-0.170204	-2.030321E-01
-0.168997	-2.815539E-01
-0.16779	-3.594852E-01
-0.166583	-4.366525E-01
-0.165376	-5.128890E-01
-0.164168	-5.880360E-01
-0.162961	-6.619439E-01
-0.161754	-7.344733E-01
-0.160547	-8.054956E-01
-0.15934	-8.748939E-01
-0.158133	-9.425632E-01
-0.156926	-1.008411E+00
-0.155718	-1.072355E+00
-0.154511	-1.134328E+00
-0.153304	-1.194311E+00
-0.152097	-1.252189E+00
-0.15089	-1.307955E+00
-0.149683	-1.361586E+00
-0.148476	-1.413064E+00
-0.147269	-1.462382E+00
-0.146061	-1.509541E+00
-0.144854	-1.554547E+00
-0.143647	-1.597413E+00
-0.14244	-1.638158E+00
-0.141233	-1.676805E+00
-0.140026	-1.713379E+00
-0.138819	-1.747910E+00
-0.137611	-1.780429E+00
-0.136404	-1.810970E+00
-0.135197	-1.839566E+00
-0.13399	-1.866252E+00
-0.132783	-1.891139E+00
-0.131576	-1.914104E+00
-0.130369	-1.935262E+00
-0.129162	-1.954642E+00
-0.127954	-1.972277E+00
-0.126747	-1.988195E+00
-0.12554	-2.002422E+00
-0.124333	-2.014983E+00
-0.123126	-2.025900E+00
-0.121919	-2.035192E+00
-0.120712	-2.042877E+00
-0.119504	-2.048969E+00
-0.118297	-2.053479E+00
-0.11709	-2.056415E+00
-0.115883	-2.057784E+00
-0.114676	-2.057587E+00
-0.113469	-2.055824E+00
-0.112262	-2.052480E+00
-0.111055	-2.047567E+00
-0.109847	-2.041069E+00
-0.10864	-2.032974E+00
-0.107433	-2.023267E+00
-0.106226	-2.011931E+00
-0.105019	-1.998943E+00
-0.103812	-1.984282E+00
-0.102605	-1.967923E+00
-0.101397	-1.949836E+00
-0.10019	-1.929994E+00
-0.098983	-1.908364E+00
-0.097776	-1.884914E+00
-0.096569	-1.859609E+00
-0.095362	-1.832414E+00
-0.094155	-1.803294E+00
-0.092948	-1.772213E+00
-0.09174	-1.739052E+00
-0.090533	-1.703944E+00
-0.089326	-1.666775E+00
-0.088119	-1.627514E+00
-0.086912	-1.586133E+00
-0.085705	-1.542610E+00
-0.084498	-1.496925E+00
-0.08329	-1.449064E+00
-0.082083	-1.399021E+00
-0.080876	-1.346793E+00
-0.079669	-1.292389E+00
-0.078462	-1.235824E+00
-0.077255	-1.177123E+00
-0.076048	-1.116321E+00
-0.074841	-1.053465E+00
-0.073633	-9.886116E-01
-0.072426	-9.218302E-01
-0.071219	-8.532228E-01
-0.070012	-7.828537E-01
-0.068805	-7.108383E-01
-0.067598	-6.372948E-01
-0.066391	-5.623531E-01
-0.065183	-4.861541E-01
-0.063976	-4.088492E-01
-0.062769	-3.305991E-01
-0.061562	-2.515727E-01
-0.060355	-1.719457E-01
-0.059148	-9.189924E-02
-0.057941	-1.161832E-02
-0.056734	6.870996E-02
-0.055526	1.488980E-01
-0.054319	2.287597E-01
-0.053112	3.081115E-01
-0.051905	3.867748E-01
-0.050698	4.644999E-01
-0.049491	5.412848E-01
-0.048284	6.168876E-01
-0.047076	6.911618E-01
-0.045869	7.639716E-01
-0.044662	8.351927E-01
-0.043455	9.047128E-01
-0.042248	9.724314E-01
-0.041041	1.038261E+00
-0.039834	1.102126E+00
-0.038627	1.163962E+00
-0.037419	1.223718E+00
-0.036212	1.281352E+00
-0.035005	1.336835E+00
-0.033798	1.390145E+00
-0.032591	1.441271E+00
-0.031384	1.490210E+00
-0.030177	1.537050E+00
-0.028969	1.581635E+00
-0.027762	1.624064E+00
-0.026555	1.664355E+00
-0.025348	1.702536E+00
-0.024141	1.738634E+00
-0.022934	1.772681E+00
-0.021727	1.804710E+00
-0.02052	1.834754E+00
-0.019312	1.862850E+00
-0.018105	1.889032E+00
-0.016898	1.913335E+00
-0.015691	1.935794E+00
-0.014484	1.956443E+00
-0.013277	1.975312E+00
-0.01207	1.992434E+00
-0.010862	2.007835E+00
-0.009655	2.021589E+00
-0.008448	2.033621E+00
-0.007241	2.044005E+00
-0.006034	2.052759E+00
-0.004827	2.059899E+00
-0.00362	2.065439E+00
-0.002412	2.069390E+00
-0.001205	2.071758E+00
2e-06	2.072548E+00
0.001209	2.071761E+00
0.002416	2.069397E+00
0.003623	2.065450E+00
0.00483	2.059914E+00
0.006037	2.052777E+00
0.007245	2.044026E+00
0.008452	2.033646E+00
0.009659	2.021617E+00
0.010866	2.007870E+00
0.012073	1.992472E+00
0.01328	1.975355E+00
0.014487	1.956489E+00
0.015695	1.935844E+00
0.016902	1.913388E+00
0.018109	1.889089E+00
0.019316	1.862910E+00
0.020523	1.834818E+00
0.02173	1.804778E+00
0.022937	1.772753E+00
0.024144	1.738710E+00
0.025352	1.702615E+00
0.026559	1.664438E+00
0.027766	1.624150E+00
0.028973	1.581726E+00
0.03018	1.537144E+00
0.031387	1.490313E+00
0.032594	1.441378E+00
0.033802	1.390255E+00
0.035009	1.336948E+00
0.036216	1.281469E+00
0.037423	1.223837E+00
0.03863	1.164084E+00
0.039837	1.102250E+00
0.041044	1.038388E+00
0.042251	9.725598E-01
0.043459	9.048422E-01
0.044666	8.353227E-01
0.045873	7.641015E-01
0.04708	6.912910E-01
0.048287	6.170155E-01
0.049494	5.414107E-01
0.050701	4.646231E-01
0.051909	3.868967E-01
0.053116	3.082286E-01
0.054323	2.288712E-01
0.05553	1.490033E-01
0.056737	6.880827E-02
0.057944	-1.152757E-02
0.059151	-9.181662E-02
0.060358	-1.718718E-01
0.061566	-2.515080E-01
0.062773	-3.305440E-01
0.06398	-4.088042E-01
0.065187	-4.861194E-01
0.066394	-5.623291E-01
0.067601	-6.372818E-01
0.068808	-7.108365E-01
0.070016	-7.828632E-01
0.071223	-8.532439E-01
0.07243	-9.218677E-01
0.073637	-9.886608E-01
0.074844	-1.053526E+00
0.076051	-1.116394E+00
0.077258	-1.177207E+00
0.078465	-1.235920E+00
0.079673	-1.292497E+00
0.08088	-1.346912E+00
0.082087	-1.399150E+00
0.083294	-1.449204E+00
0.084501	-1.497075E+00
0.085708	-1.542771E+00
0.086915	-1.586304E+00
0.088123	-1.627694E+00
0.08933	-1.666965E+00
0.090537	-1.704144E+00
0.091744	-1.739261E+00
0.092951	-1.772434E+00
0.094158	-1.803523E+00
0.095365	-1.832652E+00
0.096572	-1.859854E+00
0.09778	-1.885167E+00
0.098987	-1.908625E+00
0.100194	-1.930261E+00
0.101401	-1.950110E+00
0.102608	-1.968203E+00
0.103815	-1.984569E+00
0.105022	-1.999235E+00
0.10623	-2.012228E+00
0.107437	-2.023570E+00
0.108644	-2.033282E+00
0.109851	-2.041381E+00
0.111058	-2.047883E+00
0.112265	-2.052800E+00
0.113472	-2.056151E+00
0.114679	-2.057917E+00
0.115887	-2.058118E+00
0.117094	-2.056752E+00
0.118301	-2.053818E+00
0.119508	-2.049311E+00
0.120715	-2.043221E+00
0.121922	-2.035538E+00
0.123129	-2.026247E+00
0.124337	-2.015331E+00
0.125544	-2.002772E+00
0.126751	-1.988545E+00
0.127958	-1.972628E+00
0.129165	-1.954994E+00
0.130372	-1.935613E+00
0.131579	-1.914455E+00
0.132786	-1.891489E+00
0.133994	-1.866605E+00
0.135201	-1.839918E+00
0.136408	-1.811321E+00
0.137615	-1.780778E+00
0.138822	-1.748257E+00
0.140029	-1.713724E+00
0.141236	-1.677147E+00
0.142444	-1.638498E+00
0.143651	-1.597749E+00
0.144858	-1.554879E+00
0.146065	-1.509869E+00
0.147272	-1.462706E+00
0.148479	-1.413383E+00
0.149686	-1.361900E+00
0.150893	-1.308263E+00
0.152101	-1.252490E+00
0.153308	-1.194605E+00
0.154515	-1.134619E+00
0.155722	-1.072638E+00
0.156929	-1.008684E+00
0.158136	-9.428257E-01
0.159343	-8.751450E-01
0.160551	-8.057342E-01
0.161758	-7.346985E-01
0.162965	-6.621548E-01
0.164172	-5.882314E-01
0.165379	-5.130680E-01
0.166586	-4.368141E-01
0.167793	-3.596285E-01
0.169	-2.816781E-01
0.170208	-2.031363E-01
0.171415	-1.241821E-01
0.172622	-4.499797E-02
0.173829	3.423141E-02
0.175036	1.132192E-01
0.176243	1.919885E-01
0.17745	2.702546E-01
0.178658	3.478411E-01
0.179865	4.245781E-01
0.181072	5.003030E-01
0.182279	5.748617E-01
0.183486	6.481102E-01
0.184693	7.199149E-01
0.1859	7.901537E-01
0.187107	8.587160E-01
0.188315	9.255035E-01
0.189522	9.904301E-01
0.190729	1.053422E+00
0.191936	1.114416E+00
0.193143	1.173362E+00
0.19435	1.230221E+00
0.195557	1.285023E+00
0.196765	1.337633E+00
0.197972	1.388095E+00
0.199179	1.436405E+00
0.200386	1.482568E+00
0.201593	1.526595E+00
0.2028	1.568503E+00
0.204007	1.608312E+00
0.205214	1.646049E+00
0.206422	1.681741E+00
0.207629	1.715419E+00
0.208836	1.747118E+00
0.210043	1.776871E+00
0.21125	1.804713E+00
0.212457	1.830680E+00
0.213664	1.854807E+00
0.214872	1.877197E+00
0.216079	1.897741E+00
0.217286	1.916544E+00
0.218493	1.933637E+00
0.2197	1.949048E+00
0.220907	1.962804E+00
0.222114	1.974929E+00
0.223321	1.985444E+00
0.224529	1.994369E+00
0.225736	2.001720E+00
0.226943	2.007512E+00
0.22815	2.011755E+00
0.229357	2.014456E+00
0.230564	2.015622E+00
0.231771	2.015255E+00
0.232979	2.013354E+00
0.234186	2.009915E+00
0.235393	2.004912E+00
0.2366	1.998371E+00
0.237807	1.990264E+00
0.239014	1.980577E+00
0.240221	1.969293E+00
0.241428	1.956391E+00
0.242636	1.941848E+00
0.243843	1.925641E+00
0.24505	1.907741E+00
0.246257	1.888122E+00
0.247464	1.866752E+00
0.248671	1.843600E+00
0.249878	1.818633E+00
0.251086	1.791818E+00
0.252293	1.763122E+00
0.2535	1.732510E+00
0.254707	1.699951E+00
0.255914	1.665331E+00
0.257121	1.628785E+00
0.258328	1.590203E+00
0.259535	1.549562E+00
0.260743	1.506842E+00
0.26195	1.462027E+00
0.263157	1.415108E+00
0.264364	1.366080E+00
0.265571	1.314947E+00
0.266778	1.261720E+00
0.267985	1.206418E+00
0.269193	1.149071E+00
0.2704	1.089718E+00
0.271607	1.028408E+00
0.272814	9.652013E-01
0.274021	9.001707E-01
0.275228	8.333996E-01
0.276435	7.650198E-01
0.277642	6.950758E-01
0.27885	6.237121E-01
0.280057	5.510577E-01
0.281264	4.772519E-01
0.282471	4.024433E-01
0.283678	3.267887E-01
0.284885	2.504519E-01
0.286092	1.736024E-01
0.2873	9.641422E-02
0.288507	1.906373E-02
0.289714	-5.827145E-02
0.290921	-1.354144E-01
0.292128	-2.121902E-01
0.293335	-2.884281E-01
0.294542	-3.639623E-01
0.295749	-4.386338E-01
0.296957	-5.122369E-01
0.298164	-5.847491E-01
0.299371	-6.559741E-01
0.300578	-7.257906E-01
0.301785	-7.940887E-01
0.302992	-8.607702E-01
0.304199	-9.257488E-01
0.305407	-9.889500E-01
0.306614	-1.050311E+00
0.307821	-1.109780E+00
0.309028	-1.167317E+00
0.310235	-1.222892E+00
0.311442	-1.276484E+00
0.312649	-1.328083E+00
0.313856	-1.377684E+00
0.315064	-1.425293E+00
0.316271	-1.470921E+00
0.317478	-1.514677E+00
0.318685	-1.556401E+00
0.319892	-1.596210E+00
0.321099	-1.634134E+00
0.322306	-1.670206E+00
0.323514	-1.704462E+00
0.324721	-1.736939E+00
0.325928	-1.767675E+00
0.327135	-1.796710E+00
0.328342	-1.824084E+00
0.329549	-1.849834E+00
0.330756	-1.874000E+00
0.331963	-1.896620E+00
0.333171	-1.917729E+00
0.334378	-1.937364E+00
0.335585	-1.955558E+00
0.336792	-1.972343E+00
0.337999	-1.987803E+00
0.339206	-2.001855E+00
0.340413	-2.014582E+00
0.341621	-2.026009E+00
0.342828	-2.036158E+00
0.344035	-2.045049E+00
0.345242	-2.052699E+00
0.346449	-2.059124E+00
0.347656	-2.064337E+00
0.348863	-2.068350E+00
0.35007	-2.071173E+00
0.351278	-2.072812E+00
0.352485	-2.073273E+00
0.353692	-2.072560E+00
0.354899	-2.070676E+00
0.356106	-2.067620E+00
0.357313	-2.063392E+00
0.35852	-2.057978E+00
0.359728	-2.051396E+00
0.360935	-2.043632E+00
0.362142	-2.034681E+00
0.363349	-2.024539E+00
0.364556	-2.013199E+00
0.365763	-2.000655E+00
0.36697	-1.986903E+00
0.368177	-1.971938E+00
0.369385	-1.955756E+00
0.370592	-1.938355E+00
0.371799	-1.919733E+00
0.373006	-1.899892E+00
0.374213	-1.878836E+00
0.37542	-1.856572E+00
0.376627	-1.833109E+00
0.377835	-1.808461E+00
0.379042	-1.782638E+00
0.380249	-1.755681E+00
0.381456	-1.727606E+00
0.382663	-1.698445E+00
0.38387	-1.668234E+00
0.385077	-1.637017E+00
0.386285	-1.604842E+00
0.387492	-1.571763E+00
0.388699	-1.537838E+00
0.389906	-1.503134E+00
0.391113	-1.467719E+00
0.39232	-1.431669E+00
0.393527	-1.395062E+00
0.394734	-1.357982E+00
0.395942	-1.320515E+00
0.397145	-1.282750E+00
0.398355	-1.244777E+00
0.399565	-1.206741E+00
0.400775	-1.168626E+00
0.401975	-1.130575E+00
0.403185	-1.092679E+00
0.404395	-1.055025E+00
0.405595	-1.017696E+00
0.406805	-9.807729E-01
0.408015	-9.443305E-01
0.409225	-9.084398E-01
0.410425	-8.731658E-01
0.411635	-8.385681E-01
0.412845	-8.047000E-01
0.414045	-7.716087E-01
0.415255	-7.393353E-01
0.416465	-7.079145E-01
0.417665	-6.773752E-01
0.418875	-6.477401E-01
0.420085	-6.189952E-01
0.421295	-5.912108E-01
0.422495	-5.643669E-01
0.423705	-5.384656E-01
0.424915	-5.135048E-01
0.426115	-4.894786E-01
0.427325	-4.663773E-01
0.428535	-4.441885E-01
0.429745	-4.228968E-01
0.430945	-4.024847E-01
0.432155	-3.829326E-01
0.433365	-3.642192E-01
0.434565	-3.463219E-01
0.435775	-3.292171E-01
0.436985	-3.128803E-01
0.438195	-2.972864E-01
0.439395	-2.824100E-01
0.440605	-2.681742E-01
0.441815	-2.546571E-01
0.443015	-2.417807E-01
0.444225	-2.295198E-01
0.445435	-2.178494E-01
0.446645	-2.067451E-01
0.447845	-1.961828E-01
0.449055	-1.861391E-01
0.450265	-1.765912E-01
0.451465	-1.675171E-01
0.452675	-1.588952E-01
0.453885	-1.507049E-01
0.455095	-1.429260E-01
0.456295	-1.355393E-01
0.457505	-1.285263E-01
0.458715	-1.218690E-01
0.459915	-1.155505E-01
0.461125	-1.095271E-01
0.462335	-1.038384E-01
0.463545	-9.844105E-02
0.464745	-9.332071E-02
0.465955	-8.846359E-02
0.467165	-8.385657E-02
0.468365	-7.948713E-02
0.469575	-7.534332E-02
0.470785	-7.141376E-02
0.471995	-6.768761E-02
0.473195	-6.415454E-02
0.474405	-6.080472E-02
0.475615	-5.762881E-02
0.476815	-5.461791E-02
0.478025	-5.176356E-02
0.479235	-4.905773E-02
0.480445	-4.649278E-02
0.481645	-4.404994E-02
0.482855	-4.174588E-02
0.484065	-3.956196E-02
0.485265	-3.749196E-02
0.486475	-3.552999E-02
0.487685	-3.367045E-02
0.488895	-3.190803E-02
0.490095	-3.023768E-02
0.491305	-2.865462E-02
0.492515	-2.715431E-02
0.493715	-2.573244E-02
0.494925	-2.438494E-02
0.496135	-2.310793E-02
0.497345	-2.189773E-02
0.498545	-2.075086E-02
0.499755	-1.966402E-02
0.500965	-1.863408E-02
0.502165	-1.765339E-02
0.503375	-1.672871E-02
0.504585	-1.585244E-02
0.505795	-1.502207E-02
0.506995	-1.423520E-02
0.508205	-1.348955E-02
0.509415	-1.278296E-02
0.510615	-1.211340E-02
0.511825	-1.147893E-02
0.513035	-1.087771E-02
0.514245	-1.030801E-02
0.515445	-9.768175E-03
0.516655	-9.256646E-03
0.517865	-8.771941E-03
0.519065	-8.312658E-03
0.520275	-7.877466E-03
0.521485	-7.465106E-03
0.522695	-7.072513E-03
0.523895	-6.702387E-03
0.525105	-6.351687E-03
0.526315	-6.019397E-03
0.527515	-5.704555E-03
0.528725	-5.406249E-03
0.529935	-5.123615E-03
0.531145	-4.855833E-03
0.532345	-4.602129E-03
0.533555	-4.361766E-03
0.534765	-4.134049E-03
0.535965	-3.918318E-03
0.537175	-3.713947E-03
0.538385	-3.520343E-03
0.539595	-3.336947E-03
0.540795	-3.163226E-03
0.542005	-2.998677E-03
0.543215	-2.842076E-03
0.544415	-2.694501E-03
0.545625	-2.554738E-03
0.546835	-2.422382E-03
0.548045	-2.297048E-03
0.549245	-2.178375E-03
0.550455	-2.066018E-03
0.551665	-1.959652E-03
0.552865	-1.858967E-03
0.554075	-1.763673E-03
0.555285	-1.673493E-03
0.556495	-1.588165E-03
0.557695	-1.507442E-03
0.558905	-1.431091E-03
0.560115	-1.358889E-03
0.561315	-1.290628E-03
0.562525	-1.226109E-03
0.563735	-1.164854E-03
0.564945	-1.107285E-03
0.566145	-1.052926E-03
0.567355	-1.001619E-03
0.568565	-9.532176E-04
0.569765	-9.075797E-04
0.570975	-8.645735E-04
0.572185	-8.240742E-04
0.573395	-7.859646E-04
0.574595	-7.501341E-04
0.575805	-7.164788E-04
0.577015	-6.849011E-04
0.578215	-6.553095E-04
0.579425	-6.276182E-04
0.580635	-6.017469E-04
0.581845	-5.776205E-04
0.583045	-5.551691E-04
0.584255	-5.342295E-04
0.585465	-5.149444E-04
0.586665	-4.971524E-04
0.587875	-4.808019E-04
0.589085	-4.658456E-04
0.590295	-4.522400E-04
0.591495	-4.399457E-04
0.592705	-4.289271E-04
0.593915	-4.191522E-04
0.595115	-4.105925E-04
0.596325	-4.032232E-04
0.597535	-3.970226E-04
0.598745	-3.919725E-04
0.599945	-3.880599E-04
0.601155	-3.852935E-04
0.602365	-3.836517E-04
0.603565	-3.831074E-04
