-0.5	0.000000E+00
-0.4983	1.879169E-01
-0.4966	3.759149E-01
-0.4949	5.640770E-01
-0.4932	7.524287E-01
-0.4915	9.410669E-01
-0.4898	1.130060E+00
-0.4881	1.319481E+00
-0.4864	1.509401E+00
-0.4847	1.699893E+00
-0.483	1.891032E+00
-0.4813	2.082885E+00
-0.4796	2.275531E+00
-0.4779	2.469042E+00
-0.4762	2.663491E+00
-0.4745	2.858954E+00
-0.4728	3.055506E+00
-0.4711	3.253226E+00
-0.4694	3.452185E+00
-0.4677	3.652466E+00
-0.466	3.854145E+00
-0.4643	4.057300E+00
-0.4626	4.262012E+00
-0.4609	4.468364E+00
-0.4592	4.676434E+00
-0.4575	4.886308E+00
-0.4558	5.098069E+00
-0.4541	5.311803E+00
-0.4524	5.527593E+00
-0.4507	5.745531E+00
-0.449	5.965706E+00
-0.4473	6.188202E+00
-0.4456	6.413117E+00
-0.4439	6.640544E+00
-0.4422	6.870574E+00
-0.4405	7.103304E+00
-0.4388	7.338835E+00
-0.4371	7.577267E+00
-0.4354	7.818694E+00
-0.4337	8.063229E+00
-0.432	8.310974E+00
-0.4303	8.562033E+00
-0.4286	8.816518E+00
-0.4269	9.074546E+00
-0.4252	9.336218E+00
-0.4235	9.601662E+00
-0.4218	9.870994E+00
-0.4201	1.014433E+01
-0.4184	1.042180E+01
-0.4167	1.070353E+01
-0.415	1.098966E+01
-0.4133	1.128029E+01
-0.4116	1.157558E+01
-0.4099	1.187567E+01
-0.4082	1.218069E+01
-0.4065	1.249080E+01
-0.4048	1.280613E+01
-0.4031	1.312685E+01
-0.4014	1.345309E+01
-0.3997	1.378504E+01
-0.398	1.412285E+01
-0.3963	1.446668E+01
-0.3946	1.481670E+01
-0.3929	1.517312E+01
-0.3912	1.553607E+01
-0.3895	1.590577E+01
-0.3878	1.628241E+01
-0.3861	1.666616E+01
-0.3844	1.705725E+01
-0.3827	1.745586E+01
-0.381	1.786223E+01
-0.3793	1.827654E+01
-0.3776	1.869904E+01
-0.3759	1.912996E+01
-0.3742	1.956952E+01
-0.3725	2.001797E+01
-0.3708	2.047556E+01
-0.3691	2.094256E+01
-0.3674	2.141919E+01
-0.3657	2.190576E+01
-0.364	2.240254E+01
-0.3623	2.290980E+01
-0.3606	2.342786E+01
-0.3589	2.395701E+01
-0.3572	2.449755E+01
-0.3555	2.504982E+01
-0.3538	2.561416E+01
-0.3521	2.619088E+01
-0.3504	2.678036E+01
-0.3487	2.738294E+01
-0.347	2.799902E+01
-0.3453	2.862894E+01
-0.3436	2.927315E+01
-0.3419	2.993202E+01
-0.3402	3.060599E+01
-0.3385	3.129548E+01
-0.3368	3.200095E+01
-0.3351	3.272288E+01
-0.3334	3.346168E+01
-0.3317	3.421792E+01
-0.33	3.499207E+01
-0.3283	3.578464E+01
-0.3266	3.659620E+01
-0.3249	3.742731E+01
-0.3232	3.827849E+01
-0.3215	3.915041E+01
-0.3198	4.004364E+01
-0.3181	4.095883E+01
-0.3164	4.189662E+01
-0.3147	4.285770E+01
-0.313	4.384279E+01
-0.3113	4.485255E+01
-0.3096	4.588778E+01
-0.3079	4.694925E+01
-0.3062	4.803774E+01
-0.3045	4.915407E+01
-0.3028	5.029910E+01
-0.3011	5.147376E+01
-0.2994	5.267885E+01
-0.2977	5.391542E+01
-0.296	5.518442E+01
-0.2943	5.648681E+01
-0.2926	5.782368E+01
-0.2909	5.919614E+01
-0.2892	6.060520E+01
-0.2875	6.205212E+01
-0.2858	6.353808E+01
-0.2841	6.506429E+01
-0.2824	6.663203E+01
-0.2807	6.824264E+01
-0.279	6.989756E+01
-0.2773	7.159806E+01
-0.2756	7.334576E+01
-0.2739	7.514214E+01
-0.2722	7.698875E+01
-0.2705	7.888724E+01
-0.2688	8.083933E+01
-0.2671	8.284683E+01
-0.2654	8.491137E+01
-0.2637	8.703502E+01
-0.262	8.921969E+01
-0.2603	9.146733E+01
-0.2586	9.378009E+01
-0.2569	9.616021E+01
-0.2552	9.860972E+01
-0.2535	1.011312E+02
-0.2518	1.037269E+02
-0.2501	1.063994E+02
-0.2484	1.091512E+02
-0.2467	1.119851E+02
-0.245	1.149039E+02
-0.2433	1.179102E+02
-0.2416	1.210072E+02
-0.2399	1.241980E+02
-0.2382	1.274858E+02
-0.2365	1.308738E+02
-0.2348	1.343654E+02
-0.2331	1.379644E+02
-0.2314	1.416741E+02
-0.2297	1.454986E+02
-0.228	1.494417E+02
-0.2263	1.535075E+02
-0.2246	1.577001E+02
-0.2229	1.620240E+02
-0.2212	1.664834E+02
-0.2195	1.710834E+02
-0.2178	1.758284E+02
-0.2161	1.807236E+02
-0.2144	1.857739E+02
-0.2127	1.909848E+02
-0.211	1.963617E+02
-0.2093	2.019099E+02
-0.2076	2.076356E+02
-0.2059	2.135446E+02
-0.2042	2.196430E+02
-0.2025	2.259370E+02
-0.2008	2.324334E+02
-0.1991	2.391390E+02
-0.1974	2.460599E+02
-0.1957	2.532038E+02
-0.194	2.605779E+02
-0.1923	2.681892E+02
-0.1906	2.760456E+02
-0.1889	2.841550E+02
-0.1872	2.925245E+02
-0.1855	3.011630E+02
-0.1838	3.100785E+02
-0.1821	3.192792E+02
-0.1804	3.287735E+02
-0.1787	3.385702E+02
-0.177	3.486784E+02
-0.1753	3.591058E+02
-0.1736	3.698623E+02
-0.1719	3.809566E+02
-0.1702	3.923973E+02
-0.1685	4.041937E+02
-0.1668	4.163546E+02
-0.1651	4.288895E+02
-0.1634	4.418058E+02
-0.1617	4.551136E+02
-0.16	4.688209E+02
-0.1583	4.829358E+02
-0.1566	4.974666E+02
-0.1549	5.124216E+02
-0.1532	5.278069E+02
-0.1515	5.436308E+02
-0.1498	5.598995E+02
-0.1481	5.766188E+02
-0.1464	5.937940E+02
-0.1447	6.114302E+02
-0.143	6.295317E+02
-0.1413	6.481003E+02
-0.1396	6.671396E+02
-0.1379	6.866505E+02
-0.1362	7.066328E+02
-0.1345	7.270856E+02
-0.1328	7.480067E+02
-0.1311	7.693930E+02
-0.1294	7.912378E+02
-0.1277	8.135360E+02
-0.126	8.362787E+02
-0.1243	8.594553E+02
-0.1226	8.830545E+02
-0.1209	9.070628E+02
-0.1192	9.314630E+02
-0.1175	9.562383E+02
-0.1158	9.813683E+02
-0.1141	1.006830E+03
-0.1124	1.032600E+03
-0.1107	1.058651E+03
-0.109	1.084952E+03
-0.1073	1.111473E+03
-0.1056	1.138180E+03
-0.1039	1.165035E+03
-0.1022	1.191999E+03
-0.1005	1.219032E+03
-0.0988	1.246089E+03
-0.0971	1.273126E+03
-0.0954	1.300092E+03
-0.0937	1.326940E+03
-0.092	1.353615E+03
-0.0903	1.380066E+03
-0.0886	1.406236E+03
-0.0869	1.432067E+03
-0.0852	1.457505E+03
-0.0835	1.482487E+03
-0.0818	1.506955E+03
-0.0801	1.530848E+03
-0.0784	1.554108E+03
-0.0767	1.576672E+03
-0.075	1.598481E+03
-0.0733	1.619477E+03
-0.0716	1.639601E+03
-0.0699	1.658795E+03
-0.0682	1.677006E+03
-0.0665	1.694180E+03
-0.0648	1.710265E+03
-0.0631	1.725213E+03
-0.0614	1.738981E+03
-0.0597	1.751524E+03
-0.058	1.762803E+03
-0.0563	1.772786E+03
-0.0546	1.781439E+03
-0.0529	1.788734E+03
-0.0512	1.794652E+03
-0.0495	1.799171E+03
-0.0478	1.802277E+03
-0.0461	1.803963E+03
-0.0444	1.804224E+03
-0.0427	1.803058E+03
-0.041	1.800470E+03
-0.0393	1.796473E+03
-0.0376	1.791077E+03
-0.0359	1.784302E+03
-0.0342	1.776170E+03
-0.0325	1.766709E+03
-0.0308	1.755949E+03
-0.0291	1.743924E+03
-0.0274	1.730676E+03
-0.0257	1.716241E+03
-0.024	1.700667E+03
-0.0223	1.684001E+03
-0.0206	1.666293E+03
-0.0189	1.647592E+03
-0.0172	1.627956E+03
-0.0155	1.607436E+03
-0.0138	1.586092E+03
-0.0121	1.563979E+03
-0.0104	1.541157E+03
-0.0087	1.517682E+03
-0.007	1.493614E+03
-0.0053	1.469012E+03
-0.0036	1.443931E+03
-0.0019	1.418430E+03
-0.0002	1.392565E+03
0.0015	1.366391E+03
0.0032	1.339961E+03
0.0049	1.313327E+03
0.0066	1.286540E+03
0.0083	1.259648E+03
0.01	1.232699E+03
0.0117	1.205737E+03
0.0134	1.178804E+03
0.0151	1.151942E+03
0.0168	1.125189E+03
0.0185	1.098580E+03
0.0202	1.072150E+03
0.0219	1.045930E+03
0.0236	1.019951E+03
0.0253	9.942384E+02
0.027	9.688187E+02
0.0287	9.437136E+02
0.0304	9.189451E+02
0.0321	8.945317E+02
0.0338	8.704904E+02
0.0355	8.468361E+02
0.0372	8.235822E+02
0.0389	8.007409E+02
0.0406	7.783205E+02
0.0423	7.563310E+02
0.044	7.347787E+02
0.0457	7.136688E+02
0.0474	6.930058E+02
0.0491	6.727933E+02
0.0508	6.530316E+02
0.0525	6.337229E+02
0.0542	6.148668E+02
0.0559	5.964621E+02
0.0576	5.785067E+02
0.0593	5.609983E+02
0.061	5.439342E+02
0.0627	5.273090E+02
0.0644	5.111198E+02
0.0661	4.953611E+02
0.0678	4.800274E+02
0.0695	4.651131E+02
0.0712	4.506122E+02
0.0729	4.365189E+02
0.0746	4.228252E+02
0.0763	4.095257E+02
0.078	3.966130E+02
0.0797	3.840794E+02
0.0814	3.719183E+02
0.0831	3.601226E+02
0.0848	3.486838E+02
0.0865	3.375956E+02
0.0882	3.268500E+02
0.0899	3.164396E+02
0.0916	3.063567E+02
0.0933	2.965941E+02
0.095	2.871446E+02
0.0967	2.779998E+02
0.0984	2.691534E+02
0.1001	2.605976E+02
0.1018	2.523251E+02
0.1035	2.443287E+02
0.1052	2.366014E+02
0.1069	2.291363E+02
0.1086	2.219256E+02
0.1103	2.149632E+02
0.112	2.082419E+02
0.1137	2.017548E+02
0.1154	1.954952E+02
0.1171	1.894568E+02
0.1188	1.836323E+02
0.1205	1.780157E+02
0.1222	1.726005E+02
0.1239	1.673800E+02
0.1256	1.623478E+02
0.1273	1.574978E+02
0.129	1.528237E+02
0.1307	1.483187E+02
0.1324	1.439771E+02
0.1341	1.397923E+02
0.1358	1.357580E+02
0.1375	1.318678E+02
0.1392	1.281154E+02
0.1409	1.244944E+02
0.1426	1.209980E+02
0.1443	1.176198E+02
0.146	1.143529E+02
0.1477	1.111902E+02
0.1494	1.081249E+02
0.1511	1.051497E+02
0.1528	1.022569E+02
0.1545	9.943896E+01
0.1562	9.668802E+01
0.1579	9.399591E+01
0.1596	9.135442E+01
0.1613	8.875515E+01
0.163	8.618962E+01
0.1647	8.364925E+01
0.1664	8.112573E+01
0.1681	7.861087E+01
0.1698	7.609691E+01
0.1715	7.357673E+01
0.1732	7.104399E+01
0.1749	6.849341E+01
0.1766	6.592115E+01
0.1783	6.332479E+01
0.18	6.070380E+01
0.1817	5.805964E+01
0.1834	5.539580E+01
0.1851	5.271787E+01
0.1868	5.003354E+01
0.1885	4.735222E+01
0.1902	4.468493E+01
0.1919	4.204379E+01
0.1936	3.944148E+01
0.1953	3.689099E+01
0.197	3.440500E+01
0.1987	3.199507E+01
0.2004	2.967205E+01
0.2021	2.744497E+01
0.2038	2.532119E+01
0.2055	2.330629E+01
0.2072	2.140410E+01
0.2089	1.961676E+01
0.2106	1.794432E+01
0.2123	1.638614E+01
0.214	1.493986E+01
0.2157	1.360211E+01
0.2174	1.236897E+01
0.2191	1.123583E+01
0.2208	1.019729E+01
0.2225	9.248260E+00
0.2242	8.383088E+00
0.2259	7.596132E+00
0.2276	6.881838E+00
0.2293	6.234762E+00
0.231	5.649639E+00
0.2327	5.121151E+00
0.2344	4.644584E+00
0.2361	4.215217E+00
0.2378	3.828617E+00
0.2395	3.480709E+00
0.2412	3.167655E+00
0.2429	2.885928E+00
0.2446	2.632177E+00
0.2463	2.403504E+00
0.248	2.197169E+00
0.2497	2.010703E+00
0.2514	1.841947E+00
0.2531	1.688958E+00
0.2548	1.549965E+00
0.2565	1.423502E+00
0.2582	1.308237E+00
0.2599	1.203024E+00
0.2616	1.106886E+00
0.2633	1.018984E+00
0.265	9.386052E-01
0.2667	8.651113E-01
0.2684	7.979959E-01
0.2701	7.367931E-01
0.2718	6.810959E-01
0.2735	6.305502E-01
0.2752	5.848307E-01
0.2769	5.436403E-01
0.2786	5.066828E-01
0.2803	4.737006E-01
0.282	4.444274E-01
0.2837	4.186026E-01
0.2854	3.959792E-01
0.2871	3.763105E-01
0.2888	3.593423E-01
0.2905	3.448419E-01
0.2922	3.325698E-01
0.2939	3.222942E-01
0.2956	3.137935E-01
0.2973	3.068547E-01
0.299	3.012771E-01
0.3007	2.968676E-01
0.3024	2.934555E-01
0.3041	2.908796E-01
0.3058	2.889956E-01
0.3075	2.876766E-01
0.3092	2.868102E-01
0.3109	2.862997E-01
0.3126	2.860614E-01
0.3143	2.860262E-01
0.316	2.861357E-01
0.3177	2.863420E-01
0.3194	2.866067E-01
0.3211	2.868986E-01
0.3228	2.871933E-01
0.3245	2.874716E-01
0.3262	2.877191E-01
0.3279	2.879248E-01
0.3296	2.880809E-01
0.3313	2.881816E-01
0.333	2.882232E-01
0.3347	2.882035E-01
0.3364	2.881210E-01
0.3381	2.879754E-01
0.3398	2.877669E-01
0.3415	2.874962E-01
0.3432	2.871642E-01
0.3449	2.867720E-01
0.3466	2.863211E-01
0.3483	2.858129E-01
0.35	2.852488E-01
0.3517	2.846306E-01
0.3534	2.839595E-01
0.3551	2.832371E-01
0.3568	2.824649E-01
0.3585	2.816444E-01
0.3602	2.807768E-01
0.3619	2.798636E-01
0.3636	2.789062E-01
0.3653	2.779058E-01
0.367	2.768636E-01
0.3687	2.757809E-01
0.3704	2.746589E-01
0.3721	2.734986E-01
0.3738	2.723014E-01
0.3755	2.710682E-01
0.3772	2.698001E-01
0.3789	2.684984E-01
0.3806	2.671639E-01
0.3823	2.657978E-01
0.384	2.644011E-01
0.3857	2.629748E-01
0.3874	2.615199E-01
0.3891	2.600374E-01
0.3908	2.585283E-01
0.3925	2.569935E-01
0.3942	2.554341E-01
0.3959	2.538508E-01
0.3976	2.522448E-01
0.3993	2.506170E-01
0.401	2.489681E-01
0.4027	2.472993E-01
0.4044	2.456113E-01
0.4061	2.439050E-01
0.4078	2.421814E-01
0.4095	2.404413E-01
0.4112	2.386856E-01
0.4129	2.369151E-01
0.4146	2.351306E-01
0.4163	2.333330E-01
0.418	2.315231E-01
0.4197	2.297017E-01
0.4214	2.278696E-01
0.4231	2.260275E-01
0.4248	2.241764E-01
0.4265	2.223167E-01
0.4282	2.204495E-01
0.4299	2.185752E-01
0.4316	2.166948E-01
0.4333	2.148088E-01
0.435	2.129180E-01
0.4367	2.110230E-01
0.4384	2.091244E-01
0.4401	2.072231E-01
0.4418	2.053194E-01
0.4435	2.034142E-01
0.4452	2.015079E-01
0.4469	1.996012E-01
0.4486	1.976947E-01
0.4503	1.957889E-01
0.452	1.938844E-01
0.4537	1.919816E-01
0.4554	1.900812E-01
0.4571	1.881836E-01
0.4588	1.862893E-01
0.4605	1.843989E-01
0.4622	1.825126E-01
0.4639	1.806311E-01
0.4656	1.787548E-01
0.4673	1.768840E-01
0.469	1.750192E-01
0.4707	1.731608E-01
0.4724	1.713091E-01
0.4741	1.694646E-01
0.4758	1.676276E-01
0.4775	1.657984E-01
0.4792	1.639773E-01
0.4809	1.621648E-01
0.4826	1.603611E-01
0.4843	1.585665E-01
0.486	1.567812E-01
0.4877	1.550057E-01
0.4894	1.532400E-01
0.4911	1.514846E-01
0.4928	1.497395E-01
0.4945	1.480052E-01
0.4962	1.462816E-01
0.4979	1.445692E-01
0.4996	1.428681E-01
0.5013	1.411784E-01
0.503	1.395004E-01
0.5047	1.378342E-01
0.5064	1.361799E-01
0.5081	1.345379E-01
0.5098	1.329080E-01
0.5115	1.312906E-01
0.5132	1.296858E-01
0.5149	1.280936E-01
0.5166	1.265141E-01
0.5183	1.249475E-01
0.52	1.233939E-01
0.5217	1.218533E-01
0.5234	1.203258E-01
0.5251	1.188116E-01
0.5268	1.173105E-01
0.5285	1.158228E-01
0.5302	1.143485E-01
0.5319	1.128875E-01
0.5336	1.114400E-01
0.5353	1.100060E-01
0.537	1.085855E-01
0.5387	1.071785E-01
0.5404	1.057851E-01
0.5421	1.044052E-01
0.5438	1.030388E-01
0.5455	1.016860E-01
0.5472	1.003467E-01
0.5489	9.902104E-02
0.5506	9.770883E-02
0.5523	9.641014E-02
0.554	9.512494E-02
0.5557	9.385317E-02
0.5574	9.259483E-02
0.5591	9.134989E-02
0.5608	9.011827E-02
0.5625	8.889998E-02
0.5642	8.769495E-02
0.5659	8.650312E-02
0.5676	8.532444E-02
0.5693	8.415887E-02
0.571	8.300638E-02
0.5727	8.186683E-02
0.5744	8.074022E-02
0.5761	7.962648E-02
0.5778	7.852551E-02
0.5795	7.743726E-02
0.5812	7.636166E-02
0.5829	7.529865E-02
0.5846	7.424810E-02
0.5863	7.320999E-02
0.588	7.218422E-02
0.5897	7.117068E-02
0.5914	7.016932E-02
0.5931	6.918007E-02
0.5948	6.820278E-02
0.5965	6.723742E-02
0.5982	6.628389E-02
0.5999	6.534209E-02
0.6016	6.441193E-02
0.6033	6.349332E-02
0.605	6.258618E-02
0.6067	6.169037E-02
0.6084	6.080584E-02
0.6101	5.993250E-02
0.6118	5.907022E-02
0.6135	5.821891E-02
0.6152	5.737849E-02
0.6169	5.654886E-02
0.6186	5.572989E-02
0.6203	5.492153E-02
0.622	5.412366E-02
0.6237	5.333616E-02
0.6254	5.255895E-02
0.6271	5.179194E-02
0.6288	5.103500E-02
0.6305	5.028806E-02
0.6322	4.955101E-02
0.6339	4.882375E-02
0.6356	4.810618E-02
0.6373	4.739819E-02
0.639	4.669970E-02
0.6407	4.601058E-02
0.6424	4.533077E-02
0.6441	4.466015E-02
0.6458	4.399861E-02
0.6475	4.334607E-02
0.6492	4.270243E-02
0.6509	4.206759E-02
0.6526	4.144143E-02
0.6543	4.082388E-02
0.656	4.021484E-02
0.6577	3.961420E-02
0.6594	3.902187E-02
0.6611	3.843777E-02
0.6628	3.786178E-02
0.6645	3.729382E-02
0.6662	3.673379E-02
0.6679	3.618160E-02
0.6696	3.563716E-02
0.6713	3.510037E-02
0.673	3.457115E-02
0.6747	3.404938E-02
0.6764	3.353501E-02
0.6781	3.302792E-02
0.6798	3.252804E-02
0.6815	3.203526E-02
0.6832	3.154951E-02
0.6849	3.107071E-02
0.6866	3.059875E-02
0.6883	3.013356E-02
0.69	2.967505E-02
0.6917	2.922313E-02
0.6934	2.877773E-02
0.6951	2.833876E-02
0.6968	2.790613E-02
0.6985	2.747977E-02
0.7002	2.705959E-02
0.7019	2.664552E-02
0.7036	2.623747E-02
0.7053	2.583538E-02
0.707	2.543915E-02
0.7087	2.504871E-02
0.7104	2.466398E-02
0.7121	2.428490E-02
0.7138	2.391138E-02
0.7155	2.354335E-02
0.7172	2.318074E-02
0.7189	2.282349E-02
0.7206	2.247149E-02
0.7223	2.212470E-02
0.724	2.178305E-02
0.7257	2.144645E-02
0.7274	2.111484E-02
0.7291	2.078818E-02
0.7308	2.046635E-02
0.7325	2.014933E-02
0.7342	1.983703E-02
0.7359	1.952939E-02
0.7376	1.922635E-02
0.7393	1.892784E-02
0.741	1.863380E-02
0.7427	1.834416E-02
0.7444	1.805887E-02
0.7461	1.777787E-02
0.7478	1.750109E-02
0.7495	1.722848E-02
0.7512	1.695998E-02
0.7529	1.669553E-02
0.7546	1.643506E-02
0.7563	1.617854E-02
0.758	1.592589E-02
0.7597	1.567707E-02
0.7614	1.543202E-02
0.7631	1.519069E-02
0.7648	1.495301E-02
0.7665	1.471895E-02
0.7682	1.448845E-02
0.7699	1.426145E-02
0.7716	1.403791E-02
0.7733	1.381778E-02
0.775	1.360101E-02
0.7767	1.338754E-02
0.7784	1.317734E-02
0.7801	1.297035E-02
0.7818	1.276653E-02
0.7835	1.256583E-02
0.7852	1.236820E-02
0.7869	1.217361E-02
0.7886	1.198200E-02
0.7903	1.179333E-02
0.792	1.160757E-02
0.7937	1.142465E-02
0.7954	1.124456E-02
0.7971	1.106724E-02
0.7988	1.089264E-02
0.8005	1.072074E-02
0.8022	1.055149E-02
0.8039	1.038485E-02
0.8056	1.022078E-02
0.8073	1.005925E-02
0.809	9.900224E-03
0.8107	9.743649E-03
0.8124	9.589500E-03
0.8141	9.437740E-03
0.8158	9.288331E-03
0.8175	9.141237E-03
0.8192	8.996424E-03
0.8209	8.853862E-03
0.8226	8.713507E-03
0.8243	8.575335E-03
0.826	8.439313E-03
0.8277	8.305402E-03
0.8294	8.173575E-03
0.8311	8.043804E-03
0.8328	7.916046E-03
0.8345	7.790281E-03
0.8362	7.666477E-03
0.8379	7.544601E-03
0.8396	7.424624E-03
0.8413	7.306520E-03
0.843	7.190265E-03
0.8447	7.075817E-03
0.8464	6.963160E-03
0.8481	6.852263E-03
0.8498	6.743099E-03
0.8515	6.635640E-03
0.8532	6.529861E-03
0.8549	6.425741E-03
0.8566	6.323246E-03
0.8583	6.222359E-03
0.86	6.123052E-03
0.8617	6.025299E-03
0.8634	5.929077E-03
0.8651	5.834367E-03
0.8668	5.741136E-03
0.8685	5.649370E-03
0.8702	5.559044E-03
0.8719	5.470134E-03
0.8736	5.382618E-03
0.8753	5.296476E-03
0.877	5.211690E-03
0.8787	5.128228E-03
0.8804	5.046081E-03
0.8821	4.965225E-03
0.8838	4.885637E-03
0.8855	4.807299E-03
0.8872	4.730194E-03
0.8889	4.654303E-03
0.8906	4.579601E-03
0.8923	4.506077E-03
0.894	4.433708E-03
0.8957	4.362475E-03
0.8974	4.292363E-03
0.8991	4.223356E-03
0.9008	4.155430E-03
0.9025	4.088576E-03
0.9042	4.022773E-03
0.9059	3.958006E-03
0.9076	3.894256E-03
0.9093	3.831510E-03
0.911	3.769754E-03
0.9127	3.708966E-03
0.9144	3.649136E-03
0.9161	3.590248E-03
0.9178	3.532285E-03
0.9195	3.475233E-03
0.9212	3.419078E-03
0.9229	3.363810E-03
0.9246	3.309406E-03
0.9263	3.255861E-03
0.928	3.203158E-03
0.9297	3.151283E-03
0.9314	3.100225E-03
0.9331	3.049970E-03
0.9348	3.000502E-03
0.9365	2.951813E-03
0.9382	2.903888E-03
0.9399	2.856716E-03
0.9416	2.810283E-03
0.9433	2.764579E-03
0.945	2.719595E-03
0.9467	2.675314E-03
0.9484	2.631729E-03
0.9501	2.588828E-03
0.9518	2.546598E-03
0.9535	2.505029E-03
0.9552	2.464112E-03
0.9569	2.423836E-03
0.9586	2.384188E-03
0.9603	2.345161E-03
0.962	2.306746E-03
0.9637	2.268931E-03
0.9654	2.231705E-03
0.9671	2.195062E-03
0.9688	2.158988E-03
0.9705	2.123477E-03
0.9722	2.088519E-03
0.9739	2.054106E-03
0.9756	2.020229E-03
0.9773	1.986879E-03
0.979	1.954045E-03
0.9807	1.921720E-03
0.9824	1.889900E-03
0.9841	1.858573E-03
0.9858	1.827729E-03
0.9875	1.797361E-03
0.9892	1.767464E-03
0.9909	1.738030E-03
0.9926	1.709049E-03
0.9943	1.680513E-03
0.996	1.652418E-03
0.9977	1.624755E-03
0.9994	1.597516E-03
1.0011	1.570692E-03
1.0028	1.544276E-03
1.0045	1.518265E-03
1.0062	1.492652E-03
1.0079	1.467429E-03
1.0096	1.442595E-03
1.0113	1.418139E-03
1.013	1.394052E-03
1.0147	1.370327E-03
1.0164	1.346963E-03
1.0181	1.323951E-03
1.0198	1.301287E-03
1.0215	1.278967E-03
1.0232	1.256978E-03
1.0249	1.235317E-03
1.0266	1.213981E-03
1.0283	1.192965E-03
1.03	1.172262E-03
1.0317	1.151864E-03
1.0334	1.131769E-03
1.0351	1.111973E-03
1.0368	1.092468E-03
1.0385	1.073247E-03
1.0402	1.054308E-03
1.0419	1.035648E-03
1.0436	1.017258E-03
1.0453	9.991357E-04
1.047	9.812754E-04
1.0487	9.636718E-04
1.0504	9.463225E-04
1.0521	9.292221E-04
1.0538	9.123653E-04
1.0555	8.957460E-04
1.0572	8.793637E-04
1.0589	8.632129E-04
1.0606	8.472883E-04
1.0623	8.315878E-04
1.064	8.161048E-04
1.0657	8.008365E-04
1.0674	7.857802E-04
1.0691	7.709283E-04
1.0708	7.562804E-04
1.0725	7.418320E-04
1.0742	7.275774E-04
1.0759	7.135148E-04
1.0776	6.996399E-04
1.0793	6.859478E-04
1.081	6.724378E-04
1.0827	6.591037E-04
1.0844	6.459430E-04
1.0861	6.329533E-04
1.0878	6.201291E-04
1.0895	6.074704E-04
1.0912	5.949697E-04
1.0929	5.826269E-04
1.0946	5.704361E-04
1.0963	5.583942E-04
1.098	5.464997E-04
1.0997	5.347491E-04
1.1014	5.231425E-04
1.1031	5.116746E-04
1.1048	5.003400E-04
1.1065	4.891351E-04
1.1082	4.780596E-04
1.1099	4.671113E-04
1.1116	4.562847E-04
1.1133	4.455782E-04
1.115	4.349901E-04
1.1167	4.245186E-04
1.1184	4.141572E-04
1.1201	4.039023E-04
1.1218	3.937540E-04
1.1235	3.837079E-04
1.1252	3.737646E-04
1.1269	3.639214E-04
1.1286	3.541734E-04
1.1303	3.445169E-04
1.132	3.349518E-04
1.1337	3.254766E-04
1.1354	3.160868E-04
1.1371	3.067806E-04
1.1388	2.975551E-04
1.1405	2.884087E-04
1.1422	2.793382E-04
1.1439	2.703393E-04
1.1456	2.614141E-04
1.1473	2.525574E-04
1.149	2.437657E-04
1.1507	2.350381E-04
1.1524	2.263731E-04
1.1541	2.177683E-04
1.1558	2.092211E-04
1.1575	2.007292E-04
1.1592	1.922914E-04
1.1609	1.839037E-04
1.1626	1.755630E-04
1.1643	1.672688E-04
1.166	1.590194E-04
1.1677	1.508119E-04
1.1694	1.426440E-04
1.1711	1.345135E-04
1.1728	1.264181E-04
1.1745	1.183563E-04
1.1762	1.103255E-04
1.1779	1.023246E-04
1.1796	9.435191E-05
1.1813	8.640183E-05
1.183	7.847555E-05
1.1847	7.057147E-05
1.1864	6.268447E-05
1.1881	5.481312E-05
1.1898	4.695711E-05
1.1915	3.911444E-05
1.1932	3.128182E-05
1.1949	2.345640E-05
1.1966	1.563438E-05
1.1983	7.816037E-06
1.2	0.000000E+00
