-0.5	0.000000E+00
-0.499	4.837763E-03
-0.498	9.684699E-03
-0.497	1.454160E-02
-0.496	1.945253E-02
-0.495	2.437338E-02
-0.494	2.937613E-02
-0.493	3.438727E-02
-0.492	3.953782E-02
-0.491	4.471432E-02
-0.49	5.016202E-02
-0.489	5.562617E-02
-0.488	6.142736E-02
-0.487	6.716396E-02
-0.486	7.295832E-02
-0.485	7.867817E-02
-0.484	8.391592E-02
-0.483	8.876763E-02
-0.482	9.306264E-02
-0.481	9.704062E-02
-0.48	1.013134E-01
-0.479	1.059673E-01
-0.478	1.115517E-01
-0.477	1.177607E-01
-0.476	1.239289E-01
-0.475	1.298361E-01
-0.474	1.351382E-01
-0.473	1.400977E-01
-0.472	1.456052E-01
-0.471	1.516671E-01
-0.47	1.578842E-01
-0.469	1.639682E-01
-0.468	1.696080E-01
-0.467	1.750392E-01
-0.466	1.811097E-01
-0.465	1.877138E-01
-0.464	1.940723E-01
-0.463	2.000316E-01
-0.462	2.060424E-01
-0.461	2.123363E-01
-0.46	2.189566E-01
-0.459	2.256150E-01
-0.458	2.320252E-01
-0.457	2.383714E-01
-0.456	2.453975E-01
-0.455	2.521921E-01
-0.454	2.588609E-01
-0.453	2.656571E-01
-0.452	2.730433E-01
-0.451	2.801941E-01
-0.45	2.873052E-01
-0.449	2.945107E-01
-0.448	3.022247E-01
-0.447	3.096793E-01
-0.446	3.171708E-01
-0.445	3.247719E-01
-0.444	3.328809E-01
-0.443	3.407473E-01
-0.442	3.488524E-01
-0.441	3.569858E-01
-0.44	3.652063E-01
-0.439	3.730516E-01
-0.438	3.806773E-01
-0.437	3.882494E-01
-0.436	3.957515E-01
-0.435	4.035027E-01
-0.434	4.121547E-01
-0.433	4.208359E-01
-0.432	4.300069E-01
-0.431	4.391491E-01
-0.43	4.481421E-01
-0.429	4.567849E-01
-0.428	4.658060E-01
-0.427	4.750806E-01
-0.426	4.848781E-01
-0.425	4.945271E-01
-0.424	5.041895E-01
-0.423	5.136102E-01
-0.422	5.235469E-01
-0.421	5.337460E-01
-0.42	5.441605E-01
-0.419	5.542729E-01
-0.418	5.647031E-01
-0.417	5.751390E-01
-0.416	5.860594E-01
-0.415	5.969923E-01
-0.414	6.079390E-01
-0.413	6.188501E-01
-0.412	6.305196E-01
-0.411	6.419522E-01
-0.41	6.534075E-01
-0.409	6.651283E-01
-0.408	6.773485E-01
-0.407	6.893346E-01
-0.406	7.016668E-01
-0.405	7.139893E-01
-0.404	7.267182E-01
-0.403	7.394429E-01
-0.402	7.523083E-01
-0.401	7.652272E-01
-0.4	7.786494E-01
-0.399	7.919088E-01
-0.398	8.055743E-01
-0.397	8.193960E-01
-0.396	8.335220E-01
-0.395	8.476324E-01
-0.394	8.622383E-01
-0.393	8.767594E-01
-0.392	8.916207E-01
-0.391	9.066416E-01
-0.39	9.221310E-01
-0.389	9.374999E-01
-0.388	9.533283E-01
-0.387	9.692418E-01
-0.386	9.855632E-01
-0.385	1.001902E+00
-0.384	1.018718E+00
-0.383	1.035542E+00
-0.382	1.052793E+00
-0.381	1.070159E+00
-0.38	1.088062E+00
-0.379	1.105841E+00
-0.378	1.124188E+00
-0.377	1.142681E+00
-0.376	1.161540E+00
-0.375	1.180583E+00
-0.374	1.200234E+00
-0.373	1.219778E+00
-0.372	1.239994E+00
-0.371	1.260280E+00
-0.37	1.280922E+00
-0.369	1.301759E+00
-0.368	1.323150E+00
-0.367	1.344467E+00
-0.366	1.366400E+00
-0.365	1.388429E+00
-0.364	1.410800E+00
-0.363	1.433447E+00
-0.362	1.456581E+00
-0.361	1.479790E+00
-0.36	1.503722E+00
-0.359	1.527793E+00
-0.358	1.552492E+00
-0.357	1.577460E+00
-0.356	1.603014E+00
-0.355	1.628736E+00
-0.354	1.655142E+00
-0.353	1.681623E+00
-0.352	1.708723E+00
-0.351	1.736064E+00
-0.35	1.764106E+00
-0.349	1.792515E+00
-0.348	1.821806E+00
-0.347	1.851340E+00
-0.346	1.881542E+00
-0.345	1.911871E+00
-0.344	1.942709E+00
-0.343	1.973757E+00
-0.342	2.005631E+00
-0.341	2.037787E+00
-0.34	2.070831E+00
-0.339	2.104148E+00
-0.338	2.138169E+00
-0.337	2.172536E+00
-0.336	2.207768E+00
-0.335	2.243293E+00
-0.334	2.279696E+00
-0.333	2.316415E+00
-0.332	2.354009E+00
-0.331	2.392103E+00
-0.33	2.431011E+00
-0.329	2.470363E+00
-0.328	2.510523E+00
-0.327	2.551146E+00
-0.326	2.592806E+00
-0.325	2.634866E+00
-0.324	2.677765E+00
-0.323	2.721135E+00
-0.322	2.765580E+00
-0.321	2.810426E+00
-0.32	2.856329E+00
-0.319	2.902776E+00
-0.318	2.950193E+00
-0.317	2.998274E+00
-0.316	3.047413E+00
-0.315	3.097228E+00
-0.314	3.148243E+00
-0.313	3.199819E+00
-0.312	3.252656E+00
-0.311	3.306141E+00
-0.31	3.360793E+00
-0.309	3.416170E+00
-0.308	3.472668E+00
-0.307	3.530235E+00
-0.306	3.588863E+00
-0.305	3.648536E+00
-0.304	3.709226E+00
-0.303	3.771063E+00
-0.302	3.833975E+00
-0.301	3.898116E+00
-0.3	3.963291E+00
-0.299	4.029654E+00
-0.298	4.097160E+00
-0.297	4.165853E+00
-0.296	4.235943E+00
-0.295	4.307344E+00
-0.294	4.380203E+00
-0.293	4.454404E+00
-0.292	4.530044E+00
-0.291	4.607156E+00
-0.29	4.685639E+00
-0.289	4.765610E+00
-0.288	4.847031E+00
-0.287	4.930113E+00
-0.286	5.014849E+00
-0.285	5.101282E+00
-0.284	5.189246E+00
-0.283	5.278841E+00
-0.282	5.370275E+00
-0.281	5.463570E+00
-0.28	5.558640E+00
-0.279	5.655519E+00
-0.278	5.754284E+00
-0.277	5.855053E+00
-0.276	5.957793E+00
-0.275	6.062595E+00
-0.274	6.169465E+00
-0.273	6.278396E+00
-0.272	6.389563E+00
-0.271	6.502950E+00
-0.27	6.618702E+00
-0.269	6.736755E+00
-0.268	6.857424E+00
-0.267	6.980640E+00
-0.266	7.106686E+00
-0.265	7.235430E+00
-0.264	7.366972E+00
-0.263	7.501336E+00
-0.262	7.638505E+00
-0.261	7.778571E+00
-0.26	7.921430E+00
-0.259	8.067201E+00
-0.258	8.215987E+00
-0.257	8.367873E+00
-0.256	8.523205E+00
-0.255	8.681964E+00
-0.254	8.844409E+00
-0.253	9.010432E+00
-0.252	9.180160E+00
-0.251	9.353611E+00
-0.25	9.530875E+00
-0.249	9.712057E+00
-0.248	9.897205E+00
-0.247	1.008648E+01
-0.246	1.028022E+01
-0.245	1.047857E+01
-0.244	1.068133E+01
-0.243	1.088877E+01
-0.242	1.110092E+01
-0.241	1.131798E+01
-0.24	1.154013E+01
-0.239	1.176732E+01
-0.238	1.200013E+01
-0.237	1.223840E+01
-0.236	1.248252E+01
-0.235	1.273216E+01
-0.234	1.298807E+01
-0.233	1.324981E+01
-0.232	1.351830E+01
-0.231	1.379306E+01
-0.23	1.407492E+01
-0.229	1.436357E+01
-0.228	1.465949E+01
-0.227	1.496257E+01
-0.226	1.527336E+01
-0.225	1.559191E+01
-0.224	1.591859E+01
-0.223	1.625356E+01
-0.222	1.659715E+01
-0.221	1.694956E+01
-0.22	1.731106E+01
-0.219	1.768197E+01
-0.218	1.806243E+01
-0.217	1.845303E+01
-0.216	1.885372E+01
-0.215	1.926524E+01
-0.214	1.968746E+01
-0.213	2.012116E+01
-0.212	2.056623E+01
-0.211	2.102372E+01
-0.21	2.149335E+01
-0.209	2.197630E+01
-0.208	2.247220E+01
-0.207	2.298219E+01
-0.206	2.350622E+01
-0.205	2.404541E+01
-0.204	2.459960E+01
-0.203	2.516986E+01
-0.202	2.575616E+01
-0.201	2.635959E+01
-0.2	2.698027E+01
-0.199	2.761924E+01
-0.198	2.827673E+01
-0.197	2.895377E+01
-0.196	2.965071E+01
-0.195	3.036865E+01
-0.194	3.110804E+01
-0.193	3.187003E+01
-0.192	3.265514E+01
-0.191	3.346434E+01
-0.19	3.429845E+01
-0.189	3.515852E+01
-0.188	3.604531E+01
-0.187	3.695999E+01
-0.186	3.790350E+01
-0.185	3.887686E+01
-0.184	3.988152E+01
-0.183	4.091839E+01
-0.182	4.198897E+01
-0.181	4.309441E+01
-0.18	4.423611E+01
-0.179	4.541550E+01
-0.178	4.663415E+01
-0.177	4.789360E+01
-0.176	4.919552E+01
-0.175	5.054149E+01
-0.174	5.193337E+01
-0.173	5.337292E+01
-0.172	5.486219E+01
-0.171	5.640328E+01
-0.17	5.799846E+01
-0.169	5.964991E+01
-0.168	6.136036E+01
-0.167	6.313194E+01
-0.166	6.496743E+01
-0.165	6.686916E+01
-0.164	6.883989E+01
-0.163	7.088239E+01
-0.162	7.300027E+01
-0.161	7.519687E+01
-0.16	7.747573E+01
-0.159	7.984070E+01
-0.158	8.229491E+01
-0.157	8.484272E+01
-0.156	8.748812E+01
-0.155	9.023582E+01
-0.154	9.309018E+01
-0.153	9.605619E+01
-0.152	9.913877E+01
-0.151	1.023435E+02
-0.15	1.056758E+02
-0.149	1.091419E+02
-0.148	1.127474E+02
-0.147	1.164994E+02
-0.146	1.204042E+02
-0.145	1.244697E+02
-0.144	1.287027E+02
-0.143	1.331118E+02
-0.142	1.377045E+02
-0.141	1.424905E+02
-0.14	1.474780E+02
-0.139	1.526776E+02
-0.138	1.580984E+02
-0.137	1.637522E+02
-0.136	1.696488E+02
-0.135	1.758014E+02
-0.134	1.822209E+02
-0.133	1.889214E+02
-0.132	1.959151E+02
-0.131	2.032177E+02
-0.13	2.108422E+02
-0.129	2.188062E+02
-0.128	2.271238E+02
-0.127	2.358142E+02
-0.126	2.448929E+02
-0.125	2.543810E+02
-0.124	2.642951E+02
-0.123	2.746582E+02
-0.122	2.854887E+02
-0.121	2.968115E+02
-0.12	3.086462E+02
-0.119	3.210201E+02
-0.118	3.339541E+02
-0.117	3.474774E+02
-0.116	3.616132E+02
-0.115	3.763923E+02
-0.114	3.918394E+02
-0.113	4.079877E+02
-0.112	4.248626E+02
-0.111	4.424997E+02
-0.11	4.609262E+02
-0.109	4.801791E+02
-0.108	5.002863E+02
-0.107	5.212865E+02
-0.106	5.432087E+02
-0.105	5.660924E+02
-0.104	5.899672E+02
-0.103	6.148734E+02
-0.102	6.408401E+02
-0.101	6.679081E+02
-0.1	6.961057E+02
-0.099	7.254724E+02
-0.098	7.560357E+02
-0.097	7.878337E+02
-0.096	8.208911E+02
-0.095	8.552440E+02
-0.094	8.909132E+02
-0.093	9.279317E+02
-0.092	9.663153E+02
-0.091	1.006093E+03
-0.09	1.047274E+03
-0.089	1.089883E+03
-0.088	1.133922E+03
-0.087	1.179405E+03
-0.086	1.226330E+03
-0.085	1.274703E+03
-0.084	1.324511E+03
-0.083	1.375750E+03
-0.082	1.428396E+03
-0.081	1.482437E+03
-0.08	1.537839E+03
-0.079	1.594575E+03
-0.078	1.652601E+03
-0.077	1.711879E+03
-0.076	1.772353E+03
-0.075	1.833972E+03
-0.074	1.896670E+03
-0.073	1.960383E+03
-0.072	2.025036E+03
-0.071	2.090552E+03
-0.07	2.156848E+03
-0.069	2.223836E+03
-0.068	2.291425E+03
-0.067	2.359520E+03
-0.066	2.428023E+03
-0.065	2.496831E+03
-0.064	2.565846E+03
-0.063	2.634958E+03
-0.062	2.704068E+03
-0.061	2.773065E+03
-0.06	2.841850E+03
-0.059	2.910316E+03
-0.058	2.978365E+03
-0.057	3.045893E+03
-0.056	3.112811E+03
-0.055	3.179018E+03
-0.054	3.244433E+03
-0.053	3.308965E+03
-0.052	3.372542E+03
-0.051	3.435081E+03
-0.05	3.496521E+03
-0.049	3.556791E+03
-0.048	3.615841E+03
-0.047	3.673610E+03
-0.046	3.730061E+03
-0.045	3.785145E+03
-0.044	3.838835E+03
-0.043	3.891094E+03
-0.042	3.941904E+03
-0.041	3.991241E+03
-0.04	4.039097E+03
-0.039	4.085456E+03
-0.038	4.130320E+03
-0.037	4.173681E+03
-0.036	4.215550E+03
-0.035	4.255926E+03
-0.034	4.294825E+03
-0.033	4.332253E+03
-0.032	4.368232E+03
-0.031	4.402771E+03
-0.03	4.435896E+03
-0.029	4.467622E+03
-0.028	4.497977E+03
-0.027	4.526978E+03
-0.026	4.554654E+03
-0.025	4.581024E+03
-0.024	4.606119E+03
-0.023	4.629958E+03
-0.022	4.652571E+03
-0.021	4.673978E+03
-0.02	4.694208E+03
-0.019	4.713282E+03
-0.018	4.731226E+03
-0.017	4.748059E+03
-0.016	4.763808E+03
-0.015	4.778489E+03
-0.014	4.792126E+03
-0.013	4.804735E+03
-0.012	4.816338E+03
-0.011	4.826947E+03
-0.01	4.836582E+03
-0.009	4.845253E+03
-0.008	4.852978E+03
-0.007	4.859765E+03
-0.006	4.865627E+03
-0.005	4.870569E+03
-0.004	4.874605E+03
-0.003	4.877735E+03
-0.002	4.879969E+03
-0.001	4.881306E+03
0	4.881753E+03
0.001	4.881306E+03
0.002	4.879969E+03
0.003	4.877735E+03
0.004	4.874605E+03
0.005	4.870570E+03
0.006	4.865627E+03
0.007	4.859765E+03
0.008	4.852979E+03
0.009	4.845254E+03
0.01	4.836583E+03
0.011	4.826947E+03
0.012	4.816339E+03
0.013	4.804736E+03
0.014	4.792127E+03
0.015	4.778489E+03
0.016	4.763809E+03
0.017	4.748060E+03
0.018	4.731227E+03
0.019	4.713283E+03
0.02	4.694210E+03
0.021	4.673979E+03
0.022	4.652572E+03
0.023	4.629959E+03
0.024	4.606120E+03
0.025	4.581025E+03
0.026	4.554656E+03
0.027	4.526979E+03
0.028	4.497979E+03
0.029	4.467624E+03
0.03	4.435898E+03
0.031	4.402772E+03
0.032	4.368234E+03
0.033	4.332255E+03
0.034	4.294827E+03
0.035	4.255928E+03
0.036	4.215553E+03
0.037	4.173684E+03
0.038	4.130322E+03
0.039	4.085458E+03
0.04	4.039099E+03
0.041	3.991244E+03
0.042	3.941907E+03
0.043	3.891097E+03
0.044	3.838838E+03
0.045	3.785149E+03
0.046	3.730065E+03
0.047	3.673614E+03
0.048	3.615844E+03
0.049	3.556795E+03
0.05	3.496525E+03
0.051	3.435085E+03
0.052	3.372545E+03
0.053	3.308970E+03
0.054	3.244437E+03
0.055	3.179023E+03
0.056	3.112815E+03
0.057	3.045900E+03
0.058	2.978370E+03
0.059	2.910323E+03
0.06	2.841856E+03
0.061	2.773073E+03
0.062	2.704074E+03
0.063	2.634967E+03
0.064	2.565853E+03
0.065	2.496841E+03
0.066	2.428032E+03
0.067	2.359531E+03
0.068	2.291435E+03
0.069	2.223848E+03
0.07	2.156859E+03
0.071	2.090565E+03
0.072	2.025048E+03
0.073	1.960397E+03
0.074	1.896683E+03
0.075	1.833987E+03
0.076	1.772368E+03
0.077	1.711895E+03
0.078	1.652617E+03
0.079	1.594592E+03
0.08	1.537856E+03
0.081	1.482455E+03
0.082	1.428414E+03
0.083	1.375768E+03
0.084	1.324530E+03
0.085	1.274723E+03
0.086	1.226351E+03
0.087	1.179427E+03
0.088	1.133944E+03
0.089	1.089906E+03
0.09	1.047299E+03
0.091	1.006117E+03
0.092	9.663412E+02
0.093	9.279580E+02
0.094	8.909409E+02
0.095	8.552722E+02
0.096	8.209204E+02
0.097	7.878635E+02
0.098	7.560665E+02
0.099	7.255037E+02
0.1	6.961379E+02
0.101	6.679409E+02
0.102	6.408741E+02
0.103	6.149076E+02
0.104	5.900025E+02
0.105	5.661280E+02
0.106	5.432453E+02
0.107	5.213234E+02
0.108	5.003242E+02
0.109	4.802173E+02
0.11	4.609657E+02
0.111	4.425395E+02
0.112	4.249033E+02
0.113	4.080285E+02
0.114	3.918814E+02
0.115	3.764347E+02
0.116	3.616566E+02
0.117	3.475212E+02
0.118	3.339989E+02
0.119	3.210652E+02
0.12	3.086925E+02
0.121	2.968581E+02
0.122	2.855364E+02
0.123	2.747062E+02
0.124	2.643440E+02
0.125	2.544302E+02
0.126	2.449431E+02
0.127	2.358647E+02
0.128	2.271751E+02
0.129	2.188578E+02
0.13	2.108946E+02
0.131	2.032704E+02
0.132	1.959685E+02
0.133	1.889752E+02
0.134	1.822753E+02
0.135	1.758563E+02
0.136	1.697043E+02
0.137	1.638081E+02
0.138	1.581549E+02
0.139	1.527346E+02
0.14	1.475356E+02
0.141	1.425487E+02
0.142	1.377633E+02
0.143	1.331712E+02
0.144	1.287627E+02
0.145	1.245303E+02
0.146	1.204654E+02
0.147	1.165611E+02
0.148	1.128096E+02
0.149	1.092046E+02
0.15	1.057391E+02
0.151	1.024074E+02
0.152	9.920307E+01
0.153	9.612100E+01
0.154	9.315540E+01
0.155	9.030161E+01
0.156	8.755437E+01
0.157	8.490943E+01
0.158	8.236204E+01
0.159	7.990836E+01
0.16	7.754405E+01
0.161	7.526565E+01
0.162	7.306922E+01
0.163	7.095160E+01
0.164	6.890922E+01
0.165	6.693922E+01
0.166	6.503833E+01
0.167	6.320396E+01
0.168	6.143314E+01
0.169	5.972351E+01
0.17	5.807237E+01
0.171	5.647756E+01
0.172	5.493663E+01
0.173	5.344762E+01
0.174	5.200827E+01
0.175	5.061681E+01
0.176	4.927118E+01
0.177	4.796976E+01
0.178	4.671068E+01
0.179	4.549245E+01
0.18	4.431335E+01
0.181	4.317203E+01
0.182	4.206692E+01
0.183	4.099678E+01
0.184	3.996018E+01
0.185	3.895597E+01
0.186	3.798283E+01
0.187	3.703974E+01
0.188	3.612549E+01
0.189	3.523911E+01
0.19	3.437951E+01
0.191	3.354581E+01
0.192	3.273698E+01
0.193	3.195224E+01
0.194	3.119062E+01
0.195	3.045140E+01
0.196	2.973371E+01
0.197	2.903688E+01
0.198	2.836011E+01
0.199	2.770279E+01
0.2	2.706417E+01
0.201	2.644367E+01
0.202	2.584063E+01
0.203	2.525450E+01
0.204	2.468466E+01
0.205	2.413064E+01
0.206	2.359184E+01
0.207	2.306782E+01
0.208	2.255803E+01
0.209	2.206207E+01
0.21	2.157943E+01
0.211	2.110974E+01
0.212	2.065253E+01
0.213	2.020744E+01
0.214	1.977405E+01
0.215	1.935202E+01
0.216	1.894097E+01
0.217	1.854058E+01
0.218	1.815049E+01
0.219	1.777041E+01
0.22	1.740000E+01
0.221	1.703900E+01
0.222	1.668709E+01
0.223	1.634402E+01
0.224	1.600950E+01
0.225	1.568330E+01
0.226	1.536514E+01
0.227	1.505481E+01
0.228	1.475206E+01
0.229	1.445668E+01
0.23	1.416844E+01
0.231	1.388716E+01
0.232	1.361260E+01
0.233	1.334460E+01
0.234	1.308294E+01
0.235	1.282748E+01
0.236	1.257800E+01
0.237	1.233436E+01
0.238	1.209639E+01
0.239	1.186393E+01
0.24	1.163683E+01
0.241	1.141493E+01
0.242	1.119810E+01
0.243	1.098620E+01
0.244	1.077909E+01
0.245	1.057664E+01
0.246	1.037872E+01
0.247	1.018523E+01
0.248	9.996018E+00
0.249	9.811001E+00
0.25	9.630047E+00
0.251	9.453064E+00
0.252	9.279935E+00
0.253	9.110567E+00
0.254	8.944856E+00
0.255	8.782713E+00
0.256	8.624044E+00
0.257	8.468758E+00
0.258	8.316775E+00
0.259	8.168003E+00
0.26	8.022368E+00
0.261	7.879785E+00
0.262	7.740184E+00
0.263	7.603482E+00
0.264	7.469617E+00
0.265	7.338509E+00
0.266	7.210099E+00
0.267	7.084311E+00
0.268	6.961093E+00
0.269	6.840367E+00
0.27	6.722088E+00
0.271	6.606185E+00
0.272	6.492610E+00
0.273	6.381297E+00
0.274	6.272208E+00
0.275	6.165272E+00
0.276	6.060457E+00
0.277	5.957697E+00
0.278	5.856958E+00
0.279	5.758176E+00
0.28	5.661323E+00
0.281	5.566337E+00
0.282	5.473193E+00
0.283	5.381833E+00
0.284	5.292231E+00
0.285	5.204332E+00
0.286	5.118113E+00
0.287	5.033517E+00
0.288	4.950527E+00
0.289	4.869089E+00
0.29	4.789189E+00
0.291	4.710772E+00
0.292	4.633826E+00
0.293	4.558295E+00
0.294	4.484170E+00
0.295	4.411400E+00
0.296	4.339977E+00
0.297	4.269851E+00
0.298	4.201013E+00
0.299	4.133415E+00
0.3	4.067053E+00
0.301	4.001877E+00
0.302	3.937885E+00
0.303	3.875030E+00
0.304	3.813307E+00
0.305	3.752673E+00
0.306	3.693127E+00
0.307	3.634623E+00
0.308	3.577163E+00
0.309	3.520701E+00
0.31	3.465239E+00
0.311	3.410736E+00
0.312	3.357193E+00
0.313	3.304568E+00
0.314	3.252865E+00
0.315	3.202043E+00
0.316	3.152106E+00
0.317	3.103015E+00
0.318	3.054773E+00
0.319	3.007342E+00
0.32	2.960726E+00
0.321	2.914889E+00
0.322	2.869836E+00
0.323	2.825530E+00
0.324	2.781976E+00
0.325	2.739142E+00
0.326	2.697032E+00
0.327	2.655612E+00
0.328	2.614889E+00
0.329	2.574829E+00
0.33	2.535439E+00
0.331	2.496686E+00
0.332	2.458576E+00
0.333	2.421079E+00
0.334	2.384203E+00
0.335	2.347914E+00
0.336	2.312224E+00
0.337	2.277099E+00
0.338	2.242549E+00
0.339	2.208543E+00
0.34	2.175091E+00
0.341	2.142162E+00
0.342	2.109766E+00
0.343	2.077875E+00
0.344	2.046496E+00
0.345	2.015603E+00
0.346	1.985203E+00
0.347	1.955271E+00
0.348	1.925816E+00
0.349	1.896810E+00
0.35	1.868263E+00
0.351	1.840149E+00
0.352	1.812478E+00
0.353	1.785224E+00
0.354	1.758396E+00
0.355	1.731970E+00
0.356	1.705955E+00
0.357	1.680327E+00
0.358	1.655095E+00
0.359	1.630237E+00
0.36	1.605761E+00
0.361	1.581644E+00
0.362	1.557895E+00
0.363	1.534493E+00
0.364	1.511447E+00
0.365	1.488735E+00
0.366	1.466366E+00
0.367	1.444318E+00
0.368	1.422603E+00
0.369	1.401198E+00
0.37	1.380113E+00
0.371	1.359326E+00
0.372	1.338848E+00
0.373	1.318659E+00
0.374	1.298766E+00
0.375	1.279152E+00
0.376	1.259826E+00
0.377	1.240767E+00
0.378	1.221988E+00
0.379	1.203467E+00
0.38	1.185216E+00
0.381	1.167215E+00
0.382	1.149475E+00
0.383	1.131977E+00
0.384	1.114733E+00
0.385	1.097721E+00
0.386	1.080955E+00
0.387	1.064408E+00
0.388	1.048093E+00
0.389	1.031988E+00
0.39	1.016099E+00
0.391	1.000416E+00
0.392	9.849439E-01
0.393	9.696764E-01
0.394	9.546267E-01
0.395	9.397746E-01
0.396	9.251340E-01
0.397	9.106769E-01
0.398	8.964083E-01
0.399	8.823155E-01
0.4	8.684053E-01
0.401	8.546717E-01
0.402	8.411302E-01
0.403	8.277575E-01
0.404	8.145606E-01
0.405	8.015208E-01
0.406	7.886423E-01
0.407	7.759217E-01
0.408	7.633734E-01
0.409	7.509753E-01
0.41	7.387337E-01
0.411	7.266335E-01
0.412	7.146811E-01
0.413	7.028707E-01
0.414	6.912151E-01
0.415	6.796909E-01
0.416	6.683023E-01
0.417	6.570431E-01
0.418	6.459254E-01
0.419	6.349314E-01
0.42	6.240687E-01
0.421	6.133240E-01
0.422	6.027052E-01
0.423	5.922029E-01
0.424	5.818257E-01
0.425	5.715568E-01
0.426	5.614026E-01
0.427	5.513568E-01
0.428	5.414279E-01
0.429	5.315986E-01
0.43	5.218754E-01
0.431	5.122527E-01
0.432	5.027382E-01
0.433	4.933151E-01
0.434	4.839911E-01
0.435	4.747594E-01
0.436	4.656266E-01
0.437	4.565778E-01
0.438	4.476213E-01
0.439	4.387496E-01
0.44	4.299680E-01
0.441	4.212644E-01
0.442	4.126457E-01
0.443	4.041047E-01
0.444	3.956444E-01
0.445	3.872570E-01
0.446	3.789495E-01
0.447	3.707107E-01
0.448	3.625448E-01
0.449	3.544473E-01
0.45	3.464234E-01
0.451	3.384594E-01
0.452	3.305630E-01
0.453	3.227298E-01
0.454	3.149616E-01
0.455	3.072477E-01
0.456	2.995976E-01
0.457	2.920022E-01
0.458	2.844635E-01
0.459	2.769772E-01
0.46	2.695490E-01
0.461	2.621660E-01
0.462	2.548355E-01
0.463	2.475536E-01
0.464	2.403204E-01
0.465	2.331281E-01
0.466	2.259860E-01
0.467	2.188826E-01
0.468	2.118213E-01
0.469	2.048004E-01
0.47	1.978212E-01
0.471	1.908736E-01
0.472	1.839674E-01
0.473	1.770936E-01
0.474	1.702528E-01
0.475	1.634443E-01
0.476	1.566698E-01
0.477	1.499193E-01
0.478	1.432018E-01
0.479	1.365094E-01
0.48	1.298426E-01
0.481	1.231999E-01
0.482	1.165836E-01
0.483	1.099839E-01
0.484	1.034094E-01
0.485	9.685178E-02
0.486	9.031305E-02
0.487	8.379071E-02
0.488	7.728711E-02
0.489	7.079329E-02
0.49	6.431734E-02
0.491	5.785038E-02
0.492	5.139451E-02
0.493	4.494861E-02
0.494	3.851185E-02
0.495	3.207993E-02
0.496	2.565818E-02
0.497	1.923573E-02
0.498	1.282240E-02
0.499	6.410630E-03
0.5	9.018670E-14
